%time	vn	ve	vz	an	ae	az	phi	lambda	h	roll	pitch	yaw	rollD	pitchD	yawD
1.800000	30.542597	-0.054541	-0.144541	0.904273	-0.002954	-0.002954	1.570730	-0.001788	-149575112.043477	1.570553	0.000087	0.000227	0.000074	0.000010	-0.000108
3.600000	32.170288	-0.059859	-0.149859	0.343290	0.071159	0.071159	1.570659	-0.001768	-149575112.057779	1.570686	0.000105	0.000032	0.000021	0.000023	0.000013
5.400000	32.788210	0.068227	-0.021773	-0.089700	0.015571	0.015571	1.570588	-0.000439	-149575112.059312	1.570649	0.000147	0.000009	0.000004	0.000004	0.000005
7.200000	32.626750	0.096255	0.006255	-0.080351	-0.003347	-0.003347	1.570516	0.000422	-149575112.057906	1.570657	0.000139	0.000000	0.000001	0.000001	0.000001
9.000000	32.482119	0.090230	0.000230	-0.072121	-0.000407	-0.000407	1.570445	0.000898	-149575112.056860	1.570658	0.000138	0.000001	0.000007	0.000008	0.000008
10.800000	32.352301	0.089498	-0.000502	-0.064875	-0.004716	-0.004716	1.570375	0.001210	-149575112.055684	1.570671	0.000124	0.000015	0.000014	0.000025	0.000026
12.600000	32.235525	0.081010	-0.008990	-0.058090	-0.016159	-0.016159	1.570304	0.001393	-149575112.055191	1.570697	0.000079	0.000061	0.000021	0.000041	0.000042
14.400000	32.130963	0.051923	-0.038077	-0.053972	-0.027093	-0.027093	1.570234	0.001416	-149575112.057441	1.570660	0.000005	0.000136	0.000007	0.000002	0.000007
16.200000	32.033814	0.003155	-0.086845	-0.051980	-0.004083	-0.004083	1.570164	0.001269	-149575112.064233	1.570647	0.000008	0.000149	0.000026	0.000022	0.000022
18.000000	31.940249	-0.004195	-0.094195	-0.049386	-0.014908	-0.014908	1.570094	0.001128	-149575112.071597	1.570601	0.000048	0.000189	0.000012	0.000011	0.000010
19.800000	31.851355	-0.031029	-0.121029	-0.047448	0.006789	0.006789	1.570025	0.000939	-149575112.081319	1.570623	0.000029	0.000171	0.000007	0.000006	0.000006
21.600000	31.765949	-0.018809	-0.108809	-0.045440	0.004357	0.004357	1.569955	0.000813	-149575112.089618	1.570635	0.000018	0.000160	0.000012	0.000011	0.000011
23.400000	31.684156	-0.010967	-0.100967	-0.043767	-0.006878	-0.006878	1.569886	0.000724	-149575112.096975	1.570613	0.000037	0.000179	0.000003	0.000002	0.000003
25.200000	31.605376	-0.023348	-0.113348	-0.042609	-0.001439	-0.001439	1.569817	0.000621	-149575112.105332	1.570608	0.000041	0.000184	0.000007	0.000007	0.000007
27.000000	31.528679	-0.025939	-0.115939	-0.040576	0.004108	0.004108	1.569748	0.000527	-149575112.113710	1.570621	0.000029	0.000172	0.000003	0.000002	0.000002
28.800000	31.455642	-0.018544	-0.108544	-0.039186	0.001634	0.001634	1.569680	0.000458	-149575112.121151	1.570626	0.000025	0.000168	0.000002	0.000002	0.000002
30.600000	31.385107	-0.015603	-0.105603	-0.037705	-0.001321	-0.001321	1.569611	0.000403	-149575112.128106	1.570622	0.000028	0.000172	0.000007	0.000006	0.000006
32.400000	31.317237	-0.017981	-0.107981	-0.037519	0.004295	0.004295	1.569543	0.000350	-149575112.135064	1.570634	0.000017	0.000161	0.000012	0.000011	0.000011
34.200000	31.249702	-0.010250	-0.100250	-0.036310	-0.006639	-0.006639	1.569474	0.000314	-149575112.141098	1.570613	0.000036	0.000180	0.000002	0.000002	0.000002
36.000000	31.184345	-0.022201	-0.112201	-0.033347	-0.001122	-0.001122	1.569406	0.000264	-149575112.148095	1.570609	0.000039	0.000183	0.000008	0.000007	0.000007
37.800000	31.124321	-0.024220	-0.114220	-0.030776	0.004053	0.004053	1.569338	0.000216	-149575112.155065	1.570623	0.000026	0.000171	0.000016	0.000014	0.000015
39.600000	31.068924	-0.016925	-0.106925	-0.029468	0.009762	0.009762	1.569270	0.000182	-149575112.161074	1.570652	0.000001	0.000144	0.000002	0.000001	0.000002
41.400000	31.015881	0.000647	-0.089353	-0.028040	-0.001037	-0.001037	1.569203	0.000175	-149575112.165176	1.570649	0.000002	0.000148	0.000006	0.000006	0.000006
43.200000	30.965409	-0.001220	-0.091220	-0.027217	-0.003498	-0.003498	1.569135	0.000166	-149575112.169277	1.570638	0.000012	0.000158	0.000003	0.000003	0.000003
45.000000	30.916418	-0.007516	-0.097516	-0.026058	0.002171	0.002171	1.569068	0.000151	-149575112.173777	1.570644	0.000007	0.000152	0.000016	0.000013	0.000014
46.800000	30.869514	-0.003608	-0.093608	-0.024938	-0.008687	-0.008687	1.569000	0.000140	-149575112.177741	1.570616	0.000031	0.000177	0.000006	0.000004	0.000005
48.600000	30.824625	-0.019245	-0.109245	-0.024407	-0.002892	-0.002892	1.568933	0.000112	-149575112.183039	1.570606	0.000039	0.000186	0.000005	0.000004	0.000004
50.400000	30.780692	-0.024451	-0.114451	-0.023832	0.002778	0.002778	1.568866	0.000081	-149575112.188631	1.570615	0.000032	0.000179	0.000015	0.000012	0.000012
52.200000	30.737795	-0.019450	-0.109450	-0.023308	-0.007791	-0.007791	1.568798	0.000056	-149575112.193577	1.570588	0.000054	0.000201	0.000011	0.000009	0.000009
54.000000	30.695841	-0.033474	-0.123474	-0.022492	0.005618	0.005618	1.568731	0.000020	-149575112.199661	1.570608	0.000038	0.000185	0.000006	0.000005	0.000005
55.800000	30.655355	-0.023362	-0.113362	-0.022481	0.003426	0.003426	1.568664	-0.000005	-149575112.204547	1.570618	0.000029	0.000176	0.000013	0.000011	0.000011
57.600000	30.614890	-0.017196	-0.107196	-0.021916	-0.006641	-0.006641	1.568597	-0.000022	-149575112.208671	1.570595	0.000048	0.000196	0.000018	0.000015	0.000014
59.400000	30.575441	-0.029149	-0.119149	-0.021871	-0.009293	-0.009293	1.568531	-0.000050	-149575112.213807	1.570562	0.000075	0.000222	0.000008	0.000007	0.000006
61.200000	30.536074	-0.045876	-0.135876	-0.021802	0.003931	0.003931	1.568464	-0.000091	-149575112.220355	1.570576	0.000063	0.000211	0.000004	0.000003	0.000003
63.000000	30.496830	-0.038801	-0.128801	-0.021421	0.002201	0.002201	1.568397	-0.000124	-149575112.226010	1.570583	0.000058	0.000206	0.000017	0.000013	0.000013
64.800000	30.458272	-0.034839	-0.124839	-0.021788	-0.008354	-0.008354	1.568331	-0.000152	-149575112.231128	1.570553	0.000082	0.000229	0.000011	0.000009	0.000008
66.600000	30.419054	-0.049876	-0.139876	-0.021584	0.005598	0.005598	1.568264	-0.000191	-149575112.237487	1.570572	0.000066	0.000214	0.000011	0.000008	0.000008
68.400000	30.380204	-0.039799	-0.129799	-0.021860	-0.005143	-0.005143	1.568198	-0.000220	-149575112.242700	1.570553	0.000081	0.000229	0.000002	0.000002	0.000001
70.200000	30.340856	-0.049056	-0.139056	-0.021789	0.000894	0.000894	1.568132	-0.000254	-149575112.248617	1.570556	0.000078	0.000227	0.000003	0.000002	0.000002
72.000000	30.301635	-0.047446	-0.137446	-0.022131	-0.001447	-0.001447	1.568066	-0.000286	-149575112.254195	1.570551	0.000082	0.000231	0.000008	0.000007	0.000007
73.800000	30.261800	-0.050051	-0.140051	-0.022270	0.004476	0.004476	1.567999	-0.000318	-149575112.259814	1.570566	0.000070	0.000219	0.000014	0.000011	0.000011
75.600000	30.221714	-0.041994	-0.131994	-0.023335	-0.006678	-0.006678	1.567933	-0.000343	-149575112.264495	1.570541	0.000090	0.000239	0.000001	0.000001	0.000001
77.400000	30.179711	-0.054014	-0.144014	-0.023564	-0.000481	-0.000481	1.567868	-0.000376	-149575112.270159	1.570539	0.000091	0.000241	0.000007	0.000005	0.000005
79.200000	30.137296	-0.054880	-0.144880	-0.023326	-0.003037	-0.003037	1.567802	-0.000408	-149575112.275737	1.570527	0.000100	0.000250	0.000005	0.000003	0.000004
81.000000	30.095309	-0.060347	-0.150347	-0.022943	0.002318	0.002318	1.567736	-0.000442	-149575112.281649	1.570536	0.000094	0.000243	0.000002	0.000001	0.000002
82.800000	30.054011	-0.056175	-0.146175	-0.022925	-0.000840	-0.000840	1.567670	-0.000472	-149575112.286974	1.570532	0.000096	0.000246	0.000010	0.000008	0.000008
84.600000	30.012746	-0.057687	-0.147687	-0.022616	-0.004574	-0.004574	1.567605	-0.000502	-149575112.292286	1.570514	0.000110	0.000260	0.000001	0.000001	0.000001
86.400000	29.972036	-0.065920	-0.155920	-0.022537	-0.000292	-0.000292	1.567539	-0.000536	-149575112.298216	1.570513	0.000111	0.000261	0.000007	0.000005	0.000005
88.200000	29.931470	-0.066445	-0.156445	-0.022270	0.003249	0.003249	1.567474	-0.000569	-149575112.303997	1.570525	0.000102	0.000252	0.000006	0.000004	0.000004
90.000000	29.891384	-0.060596	-0.150596	-0.021856	-0.002399	-0.002399	1.567409	-0.000597	-149575112.309040	1.570514	0.000109	0.000260	0.000017	0.000013	0.000013
91.800000	29.852043	-0.064915	-0.154915	-0.021629	-0.008301	-0.008301	1.567343	-0.000627	-149575112.314363	1.570483	0.000133	0.000284	0.000018	0.000014	0.000014
93.600000	29.813111	-0.079857	-0.169857	-0.021053	0.008781	0.008781	1.567278	-0.000665	-149575112.320914	1.570516	0.000108	0.000259	0.000000	0.000000	0.000000
95.400000	29.775216	-0.064051	-0.154051	-0.021037	0.000054	0.000054	1.567213	-0.000692	-149575112.325747	1.570516	0.000108	0.000259	0.000004	0.000003	0.000003
97.200000	29.737351	-0.063954	-0.153954	-0.020742	-0.001668	-0.001668	1.567148	-0.000718	-149575112.330399	1.570509	0.000113	0.000264	0.000006	0.000004	0.000005
99.000000	29.700014	-0.066957	-0.156957	-0.022382	-0.002781	-0.002781	1.567083	-0.000745	-149575112.335178	1.570498	0.000121	0.000273	0.000004	0.000004	0.000004
100.800000	29.659728	-0.071962	-0.161962	-0.024752	0.002412	0.002412	1.567019	-0.000774	-149575112.340254	1.570506	0.000114	0.000266	0.000007	0.000006	0.000006
102.600000	29.615173	-0.067621	-0.157621	-0.026554	-0.003324	-0.003324	1.566954	-0.000799	-149575112.344750	1.570494	0.000124	0.000276	0.000018	0.000014	0.000014
104.400000	29.567376	-0.073604	-0.163604	-0.030041	0.008501	0.008501	1.566889	-0.000827	-149575112.349611	1.570527	0.000099	0.000251	0.000006	0.000005	0.000005
106.200000	29.513302	-0.058303	-0.148303	-0.034999	0.003041	0.003041	1.566825	-0.000845	-149575112.352801	1.570538	0.000090	0.000242	0.000004	0.000003	0.000003
108.000000	29.450304	-0.052830	-0.142830	-0.042461	0.001926	0.001926	1.566761	-0.000861	-149575112.355284	1.570545	0.000084	0.000237	0.000000	0.000001	0.000000
109.800000	29.373874	-0.049363	-0.139363	-0.051834	0.000276	0.000276	1.566696	-0.000873	-149575112.357271	1.570545	0.000083	0.000237	0.000001	0.000001	0.000001
111.600000	29.280573	-0.048866	-0.138866	-0.063792	0.000731	0.000731	1.566632	-0.000886	-149575112.359057	1.570547	0.000081	0.000235	0.000011	0.000009	0.000008
113.400000	29.165747	-0.047551	-0.137551	-0.077935	0.005323	0.005323	1.566569	-0.000897	-149575112.360550	1.570566	0.000065	0.000220	0.000001	0.000001	0.000000
115.200000	29.025464	-0.037970	-0.127970	-0.095182	0.000721	0.000721	1.566505	-0.000903	-149575112.360982	1.570567	0.000064	0.000220	0.000007	0.000005	0.000006
117.000000	28.854137	-0.036673	-0.126673	-0.114485	-0.002978	-0.002978	1.566442	-0.000908	-149575112.361194	1.570555	0.000073	0.000230	0.000007	0.000006	0.000006
118.800000	28.648064	-0.042033	-0.132033	-0.136150	0.003597	0.003597	1.566380	-0.000916	-149575112.361819	1.570567	0.000062	0.000220	0.000016	0.000014	0.000013
120.600000	28.402995	-0.035559	-0.125559	-0.161980	0.008279	0.008279	1.566318	-0.000920	-149575112.361705	1.570596	0.000037	0.000197	0.000002	0.000001	0.000002
122.400000	28.111431	-0.020657	-0.110657	-0.192835	-0.000716	-0.000716	1.566256	-0.000918	-149575112.360102	1.570592	0.000039	0.000201	0.000013	0.000013	0.000012
124.200000	27.764328	-0.021945	-0.111945	-0.227653	0.007568	0.007568	1.566196	-0.000916	-149575112.358574	1.570616	0.000015	0.000180	0.000002	0.000001	0.000002
126.000000	27.354551	-0.008323	-0.098323	-0.265825	-0.000161	-0.000161	1.566136	-0.000908	-149575112.355747	1.570613	0.000016	0.000183	0.000008	0.000008	0.000008
127.800000	26.876067	-0.008612	-0.098612	-0.306540	0.005318	0.005318	1.566077	-0.000901	-149575112.352984	1.570627	0.000002	0.000169	0.000003	0.000006	0.000003
129.600000	26.324295	0.000961	-0.089039	-0.346269	0.003034	0.003034	1.566020	-0.000889	-149575112.349383	1.570633	0.000013	0.000163	0.000000	0.000002	0.000000
131.400000	25.701010	0.006422	-0.083578	-0.383950	0.001013	0.001013	1.565964	-0.000876	-149575112.345397	1.570633	0.000017	0.000163	0.000012	0.000021	0.000018
133.200000	25.009901	0.008246	-0.081754	-0.416264	0.009991	0.009991	1.565909	-0.000863	-149575112.341378	1.570654	0.000055	0.000131	0.000003	0.000017	0.000013
135.000000	24.260626	0.026229	-0.063771	-0.442816	0.007302	0.007302	1.565856	-0.000842	-149575112.335808	1.570660	0.000085	0.000107	0.000003	0.000018	0.000013
136.800000	23.463557	0.039373	-0.050627	-0.464012	0.007436	0.007436	1.565805	-0.000815	-149575112.329194	1.570654	0.000117	0.000083	0.000003	0.000000	0.000004
138.600000	22.628336	0.052757	-0.037243	-0.476571	-0.001088	-0.001088	1.565756	-0.000785	-149575112.321585	1.570649	0.000117	0.000090	0.000006	0.000010	0.000006
140.400000	21.770509	0.050799	-0.039201	-0.464086	0.003290	0.003290	1.565708	-0.000755	-149575112.314475	1.570639	0.000135	0.000080	0.000002	0.000003	0.000008
142.200000	20.935154	0.056721	-0.033279	-0.440523	-0.002648	-0.002648	1.565662	-0.000725	-149575112.307127	1.570636	0.000129	0.000094	0.000004	0.000007	0.000002
144.000000	20.142213	0.051954	-0.038046	-0.392880	0.001485	0.001485	1.565618	-0.000697	-149575112.300549	1.570629	0.000141	0.000091	0.000006	0.000009	0.000005
145.800000	19.435029	0.054627	-0.035373	-0.334160	0.002794	0.002794	1.565576	-0.000668	-149575112.293977	1.570619	0.000157	0.000082	0.000002	0.000022	0.000025
147.600000	18.833542	0.059656	-0.030344	-0.281327	-0.008482	-0.008482	1.565535	-0.000638	-149575112.287190	1.570622	0.000118	0.000127	0.000028	0.000050	0.000054
149.400000	18.327153	0.044389	-0.045611	-0.236939	-0.019685	-0.019685	1.565495	-0.000615	-149575112.282177	1.570571	0.000028	0.000224	0.000024	0.000053	0.000051
151.200000	17.900662	0.008956	-0.081044	-0.191864	0.019309	0.019309	1.565456	-0.000607	-149575112.280665	1.570615	0.000124	0.000133	0.000004	0.000012	0.000014
153.000000	17.555307	0.043713	-0.046287	-0.157827	-0.004775	-0.004775	1.565417	-0.000585	-149575112.275912	1.570608	0.000102	0.000159	0.000002	0.000000	0.000002
154.800000	17.271218	0.035118	-0.054882	-0.129067	0.000031	0.000031	1.565380	-0.000567	-149575112.272081	1.570605	0.000102	0.000162	0.000012	0.000021	0.000023
156.600000	17.038898	0.035173	-0.054827	-0.104311	-0.007587	-0.007587	1.565343	-0.000549	-149575112.268344	1.570584	0.000064	0.000203	0.000006	0.000013	0.000011
158.400000	16.851139	0.021516	-0.068484	-0.084215	0.004063	0.004063	1.565306	-0.000537	-149575112.265953	1.570594	0.000087	0.000183	0.000002	0.000007	0.000006
160.200000	16.699553	0.028829	-0.061171	-0.068972	0.002530	0.002530	1.565269	-0.000522	-149575112.262860	1.570598	0.000100	0.000172	0.000009	0.000016	0.000017
162.000000	16.575403	0.033383	-0.056617	-0.058034	-0.005361	-0.005361	1.565233	-0.000505	-149575112.259358	1.570582	0.000072	0.000202	0.000007	0.000010	0.000011
163.800000	16.470942	0.023733	-0.066267	-0.051227	-0.003354	-0.003354	1.565197	-0.000493	-149575112.256810	1.570569	0.000054	0.000221	0.000002	0.000001	0.000002
165.600000	16.378733	0.017695	-0.072305	-0.047921	-0.000237	-0.000237	1.565161	-0.000483	-149575112.254843	1.570566	0.000052	0.000224	0.000011	0.000013	0.000014
167.400000	16.292474	0.017269	-0.072731	-0.048504	-0.004459	-0.004459	1.565126	-0.000473	-149575112.252930	1.570546	0.000029	0.000249	0.000001	0.000000	0.000001
169.200000	16.205166	0.009242	-0.080758	-0.051632	0.000199	0.000199	1.565090	-0.000467	-149575112.251788	1.570545	0.000029	0.000250	0.000008	0.000008	0.000009
171.000000	16.112229	0.009600	-0.080400	-0.055880	-0.002539	-0.002539	1.565055	-0.000460	-149575112.250621	1.570530	0.000015	0.000266	0.000015	0.000003	0.000015
172.800000	16.011645	0.005029	-0.084971	-0.057054	-0.004365	-0.004365	1.565020	-0.000456	-149575112.249920	1.570503	0.000010	0.000293	0.000022	0.000019	0.000021
174.600000	15.908948	-0.002828	-0.092828	-0.060295	-0.006522	-0.006522	1.564985	-0.000454	-149575112.250021	1.570463	0.000045	0.000330	0.000023	0.000022	0.000021
176.400000	15.800418	-0.014568	-0.104568	-0.062786	0.007361	0.007361	1.564951	-0.000457	-149575112.251234	1.570504	0.000006	0.000293	0.000037	0.000032	0.000034
178.200000	15.687402	-0.001319	-0.091319	-0.065235	-0.010306	-0.010306	1.564917	-0.000455	-149575112.251222	1.570437	0.000064	0.000354	0.000017	0.000013	0.000014
180.000000	15.569980	-0.019870	-0.109870	-0.067600	-0.004147	-0.004147	1.564883	-0.000460	-149575112.253050	1.570407	0.000088	0.000380	0.000003	0.000003	0.000002
181.800000	15.448300	-0.027334	-0.117334	-0.069664	0.001230	0.001230	1.564849	-0.000467	-149575112.255618	1.570412	0.000082	0.000376	0.000003	0.000001	0.000002
183.600000	15.322905	-0.025120	-0.115120	-0.071655	-0.000183	-0.000183	1.564815	-0.000473	-149575112.257994	1.570407	0.000084	0.000380	0.000010	0.000007	0.000008
185.400000	15.193926	-0.025450	-0.115450	-0.073334	-0.001922	-0.001922	1.564782	-0.000480	-149575112.260438	1.570389	0.000097	0.000395	0.000017	0.000013	0.000015
187.200000	15.061924	-0.028909	-0.118909	-0.075299	-0.003729	-0.003729	1.564749	-0.000488	-149575112.263267	1.570358	0.000120	0.000422	0.000025	0.000019	0.000020
189.000000	14.926386	-0.035621	-0.125621	-0.077023	-0.005503	-0.005503	1.564717	-0.000498	-149575112.266808	1.570313	0.000154	0.000458	0.000001	0.000002	0.000001
190.800000	14.787744	-0.045527	-0.135527	-0.078968	0.000977	0.000977	1.564684	-0.000512	-149575112.271344	1.570315	0.000150	0.000457	0.000007	0.000004	0.000006
192.600000	14.645602	-0.043768	-0.133768	-0.080755	-0.000913	-0.000913	1.564652	-0.000525	-149575112.275753	1.570303	0.000157	0.000468	0.000014	0.000010	0.000012
194.400000	14.500242	-0.045411	-0.135411	-0.083198	-0.002788	-0.002788	1.564621	-0.000538	-149575112.280378	1.570277	0.000175	0.000489	0.000012	0.000011	0.000009
196.200000	14.350486	-0.050430	-0.140430	-0.085428	0.003349	0.003349	1.564589	-0.000553	-149575112.285522	1.570298	0.000156	0.000473	0.000001	0.000002	0.000000
198.000000	14.196715	-0.044402	-0.134402	-0.087952	0.000978	0.000978	1.564558	-0.000566	-149575112.290127	1.570300	0.000152	0.000473	0.000012	0.000008	0.000010
199.800000	14.038401	-0.042641	-0.132641	-0.090814	-0.001844	-0.001844	1.564528	-0.000578	-149575112.294624	1.570278	0.000167	0.000491	0.000028	0.000020	0.000022
201.600000	13.874936	-0.045960	-0.135960	-0.093589	-0.005276	-0.005276	1.564497	-0.000591	-149575112.299531	1.570228	0.000203	0.000531	0.000008	0.000004	0.000007
203.400000	13.706475	-0.055457	-0.145457	-0.096740	-0.000957	-0.000957	1.564468	-0.000608	-149575112.305430	1.570213	0.000211	0.000544	0.000008	0.000008	0.000006
205.200000	13.532344	-0.057179	-0.147179	-0.099838	0.002601	0.002601	1.564438	-0.000625	-149575112.311553	1.570227	0.000197	0.000534	0.000019	0.000013	0.000016
207.000000	13.352635	-0.052497	-0.142497	-0.102870	-0.003189	-0.003189	1.564409	-0.000640	-149575112.317312	1.570193	0.000220	0.000562	0.000026	0.000022	0.000019
208.800000	13.167469	-0.058237	-0.148237	-0.105797	0.006440	0.006440	1.564380	-0.000657	-149575112.323677	1.570239	0.000180	0.000527	0.000016	0.000011	0.000013
210.600000	12.977036	-0.046645	-0.136645	-0.110285	-0.002196	-0.002196	1.564352	-0.000670	-149575112.329011	1.570210	0.000199	0.000551	0.000023	0.000016	0.000019
212.400000	12.778522	-0.050597	-0.140597	-0.115523	-0.003607	-0.003607	1.564324	-0.000684	-149575112.334840	1.570169	0.000227	0.000585	0.000009	0.000009	0.000006
214.200000	12.570581	-0.057089	-0.147089	-0.121196	0.002924	0.002924	1.564296	-0.000700	-149575112.341384	1.570185	0.000210	0.000574	0.000007	0.000003	0.000007
216.000000	12.352428	-0.051826	-0.141826	-0.126378	-0.000058	-0.000058	1.564269	-0.000714	-149575112.347525	1.570172	0.000215	0.000586	0.000022	0.000014	0.000018
217.800000	12.124947	-0.051930	-0.141930	-0.132253	-0.002869	-0.002869	1.564243	-0.000729	-149575112.353807	1.570133	0.000240	0.000619	0.000001	0.000004	0.000000
219.600000	11.886891	-0.057094	-0.147094	-0.136803	0.001501	0.001501	1.564217	-0.000745	-149575112.360707	1.570135	0.000232	0.000619	0.000031	0.000028	0.000023
221.400000	11.640645	-0.054393	-0.144393	-0.141837	0.007413	0.007413	1.564192	-0.000760	-149575112.367440	1.570191	0.000182	0.000577	0.000036	0.000024	0.000030
223.200000	11.385338	-0.041049	-0.131049	-0.147741	-0.005253	-0.005253	1.564167	-0.000771	-149575112.373042	1.570126	0.000226	0.000631	0.000021	0.000021	0.000015
225.000000	11.119404	-0.050505	-0.140505	-0.151950	0.005281	0.005281	1.564142	-0.000784	-149575112.379686	1.570163	0.000189	0.000604	0.000009	0.000003	0.000009
226.800000	10.845894	-0.041000	-0.131000	-0.156533	-0.000003	-0.000003	1.564119	-0.000795	-149575112.385561	1.570147	0.000194	0.000620	0.000004	0.000008	0.000002
228.600000	10.564135	-0.041006	-0.131006	-0.160393	0.002347	0.002347	1.564096	-0.000806	-149575112.391589	1.570154	0.000179	0.000617	0.000004	0.000003	0.000004
230.400000	10.275428	-0.036781	-0.126781	-0.166151	0.001039	0.001039	1.564073	-0.000815	-149575112.397370	1.570147	0.000174	0.000625	0.000017	0.000021	0.000012
232.200000	9.976356	-0.034910	-0.124911	-0.172923	0.004855	0.004856	1.564051	-0.000824	-149575112.403125	1.570177	0.000137	0.000604	0.000059	0.000042	0.000051
234.000000	9.665094	-0.026171	-0.116171	-0.175715	-0.007662	-0.007662	1.564030	-0.000830	-149575112.408257	1.570070	0.000213	0.000695	0.000008	0.000014	0.000005
235.800000	9.348807	-0.039962	-0.129962	-0.180843	0.003486	0.003486	1.564010	-0.000840	-149575112.414907	1.570085	0.000187	0.000686	0.000019	0.000007	0.000018
237.600000	9.023290	-0.033687	-0.123687	-0.185100	-0.000677	-0.000677	1.563990	-0.000848	-149575112.421152	1.570050	0.000200	0.000719	0.000004	0.000012	0.000001
239.400000	8.690110	-0.034905	-0.124905	-0.183564	0.002993	0.002993	1.563971	-0.000857	-149575112.427711	1.570057	0.000179	0.000717	0.000064	0.000042	0.000055
241.200000	8.359695	-0.029518	-0.119518	-0.183383	-0.006112	-0.006112	1.563953	-0.000864	-149575112.433986	1.569942	0.000254	0.000816	0.000067	0.000042	0.000056
243.000000	8.029606	-0.040520	-0.130520	-0.188343	-0.005878	-0.005878	1.563936	-0.000875	-149575112.441572	1.569822	0.000330	0.000916	0.000031	0.000035	0.000021
244.800000	7.690589	-0.051100	-0.141100	-0.179628	0.006548	0.006548	1.563919	-0.000889	-149575112.450372	1.569878	0.000267	0.000878	0.000017	0.000003	0.000018
246.600000	7.367259	-0.039314	-0.129314	-0.170890	0.000601	0.000601	1.563903	-0.000899	-149575112.458234	1.569847	0.000272	0.000910	0.000041	0.000022	0.000035
248.400000	7.059657	-0.038233	-0.128233	-0.137699	-0.002506	-0.002506	1.563887	-0.000910	-149575112.466202	1.569774	0.000312	0.000973	0.000030	-0.000032	-0.000022
